3

5 4 4
5 4 4
1 1 1
11000 01100 11100 01110
00011 01101 01110 01011
10011 01101 01110 00111
00111 01101 11100 01110
01111 11011 01101 11110
11101 10110 11011 01111
01101 11110 10111 01111
01111 11101 01110 01111
11011 11001 11110 01011
00011 00111 01011 00111
10111 01011 10101 11110
01111 10101 11100 01110
01101 11100 11000 11110
01111 01111 00011 01111
01101 11110 10011 01011
11101 01110 00111 10111
11101 11100 11100 11010
11011 11011 11011 10111
10011 10011 10101 11110
10111 10111 11101 11010

5 4 4
5 4 4
1 1 1
11000 01100 11100 01110
00011 01101 01110 01011
10011 01101 01110 00111
00111 01101 11100 01110
01111 11011 01101 11110
11101 10110 11011 01111
01101 11110 10111 01111
01111 11101 01110 01111
11011 11001 11110 01011
00011 00111 01011 00111
10111 01011 10101 11110
01111 10101 11100 01110
01101 11100 11000 11110
01111 01111 00011 01111
01101 11110 10011 01011
11101 01110 00111 10111
11101 11100 11100 11010
11011 11011 11011 10111
10011 10011 10101 11110
10111 10111 11101 11010

3 4 4
3 4 4
1 1 1
00000 00000 00000 00000
00000 00000 00000 00000
00000 00000 00000 00000
00000 00000 00000 00000
00000 00000 00000 00000
00000 00000 00000 00000
00000 00000 00000 00000
00000 00000 00000 00000
00000 00000 00000 00000
00000 00000 00000 00000
00000 00000 00000 00000
00000 00000 00000 00000
